6  1  7  9  8  8  5  8  7  6  
78  78  21  76  32  26  46  90  76  60  
13  32  16  40  10  34  31  21  34  35  
37  39  22  43  13  44  45  29  44  42  
3.250000  11.142857  3.500000  25.333333  10.666667  2.600000  3.285714  11.250000  7.600000  8.571429  

0  4  4  1  2  4  3  5  3  4  
4  0  3  2  1  4  1  5  2  1  
4  3  0  1  1  2  3  1  3  5  
1  2  1  0  2  5  4  4  3  3  
2  1  1  2  0  4  4  4  4  4  
4  4  2  5  4  0  3  1  5  4  
3  1  3  4  4  3  0  5  1  2  
5  5  1  4  4  1  5  0  4  1  
3  2  3  3  4  5  1  4  0  5  
4  1  5  3  4  4  2  1  5  0  
