5  8  8  6  1  7  7  7  1  8  6  7  6  3  8  
58  87  43  87  5  49  55  16  69  89  50  39  64  88  71  
30  19  30  22  35  41  41  9  4  12  7  43  18  20  27  
39  24  50  41  49  59  54  41  15  50  38  57  46  27  28  
6.444444  17.400000  2.150000  4.578947  0.357143  2.722222  4.230769  0.500000  6.272727  2.342105  1.612903  2.785714  2.285714  12.571429  71.000000  

0  4  3  2  1  2  4  2  3  2  3  2  1  3  3  
4  0  3  3  1  1  3  2  4  3  2  1  3  1  1  
3  3  0  3  1  1  1  4  4  4  4  2  1  3  4  
2  3  3  0  2  2  1  4  1  1  2  2  2  2  2  
1  1  1  2  0  3  1  2  2  1  4  4  4  4  1  
2  1  1  2  3  0  3  2  2  4  3  2  2  2  3  
4  3  1  1  1  3  0  4  4  1  1  4  2  3  2  
2  2  4  4  2  2  4  0  1  2  1  1  4  4  1  
3  4  4  1  2  2  4  1  0  1  3  2  2  4  4  
2  3  4  1  1  4  1  2  1  0  3  1  1  1  2  
3  2  4  2  4  3  1  1  3  3  0  3  2  1  3  
2  1  2  2  4  2  4  1  2  1  3  0  3  3  4  
1  3  1  2  4  2  2  4  2  1  2  3  0  1  3  
3  1  3  2  4  2  3  4  4  1  1  3  1  0  4  
3  1  4  2  1  3  2  1  4  2  3  4  3  4  0  
