10  8  10  3  1  5  1  1  9  7  8  8  3  1  10  5  8  7  7  4  
57  5  31  58  68  76  37  81  25  87  99  86  94  13  33  82  48  29  77  66  
76  46  76  29  72  27  37  57  23  32  21  58  7  33  76  30  70  59  48  41  
78  60  79  74  78  42  80  64  76  77  75  75  26  45  79  58  78  77  58  81  
28.500000  0.357143  10.333333  1.288889  11.333333  5.066667  0.860465  11.571429  0.471698  1.933333  1.833333  5.058824  4.947368  1.083333  11.000000  2.928571  6.000000  1.611111  7.700000  1.650000  

0  3  2  3  2  2  2  2  1  1  3  1  2  3  1  3  1  2  1  3  
3  0  4  3  3  4  3  4  4  1  2  4  2  4  2  3  4  4  2  2  
2  4  0  4  4  1  2  4  1  3  1  4  3  4  3  4  2  4  2  2  
3  3  4  0  3  2  2  4  3  2  4  2  4  2  2  3  2  2  1  1  
2  3  4  3  0  2  4  3  4  4  3  2  4  3  2  4  2  1  2  3  
2  4  1  2  2  0  3  3  1  3  1  4  1  4  2  1  2  3  1  1  
2  3  2  2  4  3  0  1  4  4  1  4  2  1  4  3  2  1  4  1  
2  4  4  4  3  3  1  0  2  4  3  1  3  3  4  3  4  2  2  2  
1  4  1  3  4  1  4  2  0  3  1  4  1  4  3  1  2  3  2  2  
1  1  3  2  4  3  4  4  3  0  4  2  2  2  2  1  3  1  4  1  
3  2  1  4  3  1  1  3  1  4  0  2  1  4  4  3  4  4  3  1  
1  4  4  2  2  4  4  1  4  2  2  0  3  1  2  1  1  3  2  4  
2  2  3  4  4  1  2  3  1  2  1  3  0  1  3  3  2  3  2  2  
3  4  4  2  3  4  1  3  4  2  4  1  1  0  2  3  1  2  4  3  
1  2  3  2  2  2  4  4  3  2  4  2  3  2  0  4  3  3  1  4  
3  3  4  3  4  1  3  3  1  1  3  1  3  3  4  0  1  1  2  1  
1  4  2  2  2  2  2  4  2  3  4  1  2  1  3  1  0  1  4  2  
2  4  4  2  1  3  1  2  3  1  4  3  3  2  3  1  1  0  2  2  
1  2  2  1  2  1  4  2  2  4  3  2  2  4  1  2  4  2  0  1  
3  2  2  1  3  1  1  2  2  1  1  4  2  3  4  1  2  2  1  0  
