2  10  9  2  1  1  3  9  3  1  9  1  5  6  4  1  3  7  7  8  2  10  1  4  7  7  2  10  10  9  
1  95  47  66  11  73  14  94  4  70  31  34  31  17  93  53  48  47  17  41  21  52  17  31  22  7  56  43  3  7  
101  100  44  87  101  51  21  84  5  81  71  68  63  105  104  100  93  42  97  43  53  112  110  61  87  62  36  52  24  89  
109  104  101  110  102  106  69  90  13  106  91  72  80  112  112  108  98  72  107  84  91  113  111  95  96  82  109  101  35  107  
0.125000  23.750000  0.824561  2.869565  11.000000  1.327273  0.291667  15.666667  0.500000  2.800000  1.550000  8.500000  1.823529  2.428571  11.625000  6.625000  9.600000  1.566667  1.700000  1.000000  0.552632  52.000000  17.000000  0.911765  2.444444  0.350000  0.767123  0.877551  0.272727  0.388889  

0  1  4  1  3  2  1  3  3  4  3  1  2  1  2  3  1  3  4  1  2  1  2  4  3  2  3  4  3  3  
1  0  1  2  2  3  2  3  2  4  3  1  2  1  1  2  1  4  2  1  1  1  2  2  3  4  1  3  1  3  
4  1  0  1  3  1  4  3  2  4  4  2  4  4  4  2  4  1  3  2  2  1  3  4  2  1  3  4  3  3  
1  2  1  0  4  4  3  3  2  2  3  2  3  4  2  2  3  1  4  4  2  3  1  4  4  1  1  2  3  1  
3  2  3  4  0  1  1  2  4  4  1  3  2  4  3  2  2  1  4  3  1  3  1  4  3  3  4  1  3  2  
2  3  1  4  1  0  2  1  3  1  1  1  1  2  3  2  2  1  3  2  1  4  2  3  1  1  3  1  3  2  
1  2  4  3  1  2  0  2  1  2  2  4  1  4  2  3  2  3  1  2  1  1  3  2  2  3  3  3  1  3  
3  3  3  3  2  1  2  0  2  4  4  3  1  3  3  3  2  4  2  2  2  1  4  2  2  4  1  3  2  3  
3  2  2  2  4  3  1  2  0  1  2  4  3  1  1  2  1  1  1  2  3  1  3  2  2  1  2  4  1  4  
4  4  4  2  4  1  2  4  1  0  3  4  3  3  3  4  3  3  2  4  1  2  4  1  2  2  4  3  4  1  
3  3  4  3  1  1  2  4  2  3  0  3  2  3  4  2  2  3  1  1  3  1  1  1  4  4  1  3  3  1  
1  1  2  2  3  1  4  3  4  4  3  0  3  4  1  2  3  3  3  3  1  1  1  3  4  2  3  2  1  1  
2  2  4  3  2  1  1  1  3  3  2  3  0  3  1  3  2  1  4  4  1  1  1  2  1  2  4  3  1  4  
1  1  4  4  4  2  4  3  1  3  3  4  3  0  3  2  2  4  2  3  1  3  2  4  3  1  3  2  2  4  
2  1  4  2  3  3  2  3  1  3  4  1  1  3  0  3  2  4  2  4  1  4  2  2  3  1  3  4  3  4  
3  2  2  2  2  2  3  3  2  4  2  2  3  2  3  0  2  3  2  4  2  3  1  3  1  4  2  3  3  4  
1  1  4  3  2  2  2  2  1  3  2  3  2  2  2  2  0  3  2  2  4  2  4  2  1  3  2  4  3  1  
3  4  1  1  1  1  3  4  1  3  3  3  1  4  4  3  3  0  4  3  4  4  3  1  2  3  3  3  4  1  
4  2  3  4  4  3  1  2  1  2  1  3  4  2  2  2  2  4  0  2  4  3  1  2  3  2  1  3  2  3  
1  1  2  4  3  2  2  2  2  4  1  3  4  3  4  4  2  3  2  0  3  1  1  3  3  4  2  2  3  3  
2  1  2  2  1  1  1  2  3  1  3  1  1  1  1  2  4  4  4  3  0  4  3  2  4  3  2  4  1  3  
1  1  1  3  3  4  1  1  1  2  1  1  1  3  4  3  2  4  3  1  4  0  4  3  2  2  2  1  3  2  
2  2  3  1  1  2  3  4  3  4  1  1  1  2  2  1  4  3  1  1  3  4  0  2  3  1  4  4  1  4  
4  2  4  4  4  3  2  2  2  1  1  3  2  4  2  3  2  1  2  3  2  3  2  0  3  2  1  2  2  1  
3  3  2  4  3  1  2  2  2  2  4  4  1  3  3  1  1  2  3  3  4  2  3  3  0  1  4  1  1  1  
2  4  1  1  3  1  3  4  1  2  4  2  2  1  1  4  3  3  2  4  3  2  1  2  1  0  2  1  1  4  
3  1  3  1  4  3  3  1  2  4  1  3  4  3  3  2  2  3  1  2  2  2  4  1  4  2  0  4  3  3  
4  3  4  2  1  1  3  3  4  3  3  2  3  2  4  3  4  3  3  2  4  1  4  2  1  1  4  0  2  3  
3  1  3  3  3  3  1  2  1  4  3  1  1  2  3  3  3  4  2  3  1  3  1  2  1  1  3  2  0  1  
3  3  3  1  2  2  3  3  4  1  1  1  4  4  4  4  1  1  3  3  3  2  4  1  1  4  3  3  1  0  
