1  2  10  6  2  1  1  8  2  9  9  7  4  1  8  2  4  9  6  1  1  6  5  9  3  10  5  9  4  1  10  3  7  7  2  5  1  3  8  5  
82  38  92  20  1  37  8  30  41  22  61  56  92  19  62  16  25  19  8  86  25  86  12  54  28  47  75  29  28  100  44  46  21  15  19  88  89  28  89  54  
105  51  61  68  135  71  82  122  30  98  24  25  138  106  57  122  74  110  52  79  135  85  112  84  113  68  141  75  70  39  16  102  51  8  100  102  112  38  100  20  
142  74  109  85  136  147  136  123  81  100  70  136  144  126  99  128  119  112  99  101  147  144  127  121  146  95  143  138  128  141  72  115  106  31  135  121  136  40  122  41  
2.216216  1.652174  1.916667  1.176471  1.000000  0.486842  0.148148  30.000000  0.803922  11.000000  1.326087  0.504505  15.333333  0.950000  1.476190  2.666667  0.555556  9.500000  0.170213  3.909091  2.083333  1.457627  0.800000  1.459459  0.848485  1.740741  37.500000  0.460317  0.482759  0.980392  0.785714  3.538462  0.381818  0.652174  0.542857  4.631579  3.708333  14.000000  4.045455  2.571429  

0  3  4  3  2  3  3  4  3  3  4  2  3  4  4  3  2  1  1  3  2  4  1  3  2  4  3  1  4  1  2  3  1  2  2  3  1  1  1  4  
3  0  1  1  3  2  1  1  2  2  3  3  1  3  3  3  1  3  2  2  1  4  3  1  2  3  4  1  3  4  2  3  1  2  1  1  2  4  4  2  
4  1  0  4  1  2  3  2  1  3  1  2  1  2  2  2  1  2  3  3  4  3  2  1  3  2  2  2  3  4  1  4  2  4  3  3  1  1  1  2  
3  1  4  0  3  4  2  3  2  2  2  3  3  2  3  3  4  2  2  3  2  4  4  1  1  3  3  2  2  2  4  2  4  1  1  2  3  2  1  1  
2  3  1  3  0  2  3  3  2  1  3  1  3  2  2  4  2  4  1  4  3  2  4  2  1  3  1  3  3  2  1  4  2  3  1  2  4  1  1  1  
3  2  2  4  2  0  1  3  4  4  3  1  2  4  1  1  4  1  4  2  2  2  1  3  3  1  3  3  2  4  2  3  2  1  1  1  4  4  2  1  
3  1  3  2  3  1  0  3  3  2  3  3  4  3  3  3  1  4  4  4  2  1  1  4  4  3  3  3  4  3  4  1  3  2  1  3  4  1  2  1  
4  1  2  3  3  3  3  0  2  3  2  2  4  3  3  3  4  4  3  4  4  3  2  4  2  1  1  1  1  3  3  2  3  4  4  2  1  4  2  1  
3  2  1  2  2  4  3  2  0  2  2  2  1  4  3  3  4  3  3  4  2  2  3  4  1  4  2  2  2  3  3  3  3  3  4  2  3  4  4  1  
3  2  3  2  1  4  2  3  2  0  1  3  2  2  4  3  2  1  4  3  2  2  3  2  4  3  2  2  3  4  4  3  4  2  4  4  2  3  3  4  
4  3  1  2  3  3  3  2  2  1  0  3  2  4  1  2  2  1  4  4  2  4  1  3  4  1  3  1  3  2  4  3  3  3  4  2  3  2  4  1  
2  3  2  3  1  1  3  2  2  3  3  0  2  1  4  4  2  3  2  1  1  3  4  3  1  2  4  1  1  1  3  1  2  3  2  3  2  2  4  1  
3  1  1  3  3  2  4  4  1  2  2  2  0  3  3  1  1  3  3  1  3  1  1  4  4  3  3  1  1  1  1  3  4  4  2  4  3  4  3  1  
4  3  2  2  2  4  3  3  4  2  4  1  3  0  1  1  1  3  4  2  3  3  4  4  1  2  1  3  2  4  2  4  1  1  2  4  4  2  4  2  
4  3  2  3  2  1  3  3  3  4  1  4  3  1  0  3  4  3  1  4  4  1  2  2  2  2  3  1  3  2  3  3  3  2  2  1  3  4  3  2  
3  3  2  3  4  1  3  3  3  3  2  4  1  1  3  0  3  1  4  4  2  4  3  1  2  1  4  3  3  2  4  3  1  1  4  2  2  2  1  1  
2  1  1  4  2  4  1  4  4  2  2  2  1  1  4  3  0  4  4  4  4  3  2  4  2  1  3  2  3  1  3  2  2  2  1  4  4  2  1  4  
1  3  2  2  4  1  4  4  3  1  1  3  3  3  3  1  4  0  4  2  1  3  3  3  2  4  3  1  4  1  2  1  4  2  2  3  1  4  3  2  
1  2  3  2  1  4  4  3  3  4  4  2  3  4  1  4  4  4  0  2  1  4  1  3  3  3  1  1  4  1  1  3  3  4  1  1  4  1  3  3  
3  2  3  3  4  2  4  4  4  3  4  1  1  2  4  4  4  2  2  0  3  2  4  4  2  4  3  4  2  1  1  3  2  3  2  1  3  1  3  4  
2  1  4  2  3  2  2  4  2  2  2  1  3  3  4  2  4  1  1  3  0  4  1  4  4  1  3  3  1  3  2  3  4  3  3  3  1  2  2  1  
4  4  3  4  2  2  1  3  2  2  4  3  1  3  1  4  3  3  4  2  4  0  4  4  4  2  4  2  1  4  3  2  3  4  3  2  1  2  3  3  
1  3  2  4  4  1  1  2  3  3  1  4  1  4  2  3  2  3  1  4  1  4  0  4  2  4  4  2  3  2  4  3  4  2  2  1  2  4  3  2  
3  1  1  1  2  3  4  4  4  2  3  3  4  4  2  1  4  3  3  4  4  4  4  0  2  4  4  4  2  3  3  4  2  2  1  1  2  3  3  1  
2  2  3  1  1  3  4  2  1  4  4  1  4  1  2  2  2  2  3  2  4  4  2  2  0  4  1  4  3  1  4  4  3  1  3  4  2  1  2  1  
4  3  2  3  3  1  3  1  4  3  1  2  3  2  2  1  1  4  3  4  1  2  4  4  4  0  1  3  4  2  3  1  3  2  4  4  3  1  1  2  
3  4  2  3  1  3  3  1  2  2  3  4  3  1  3  4  3  3  1  3  3  4  4  4  1  1  0  2  4  2  1  2  4  2  4  1  1  4  1  2  
1  1  2  2  3  3  3  1  2  2  1  1  1  3  1  3  2  1  1  4  3  2  2  4  4  3  2  0  2  1  1  1  3  2  4  3  1  4  1  4  
4  3  3  2  3  2  4  1  2  3  3  1  1  2  3  3  3  4  4  2  1  1  3  2  3  4  4  2  0  1  1  1  3  3  1  3  2  4  2  4  
1  4  4  2  2  4  3  3  3  4  2  1  1  4  2  2  1  1  1  1  3  4  2  3  1  2  2  1  1  0  3  1  2  3  1  1  4  3  1  3  
2  2  1  4  1  2  4  3  3  4  4  3  1  2  3  4  3  2  1  1  2  3  4  3  4  3  1  1  1  3  0  3  4  2  2  1  1  3  3  4  
3  3  4  2  4  3  1  2  3  3  3  1  3  4  3  3  2  1  3  3  3  2  3  4  4  1  2  1  1  1  3  0  1  4  3  4  4  4  4  3  
1  1  2  4  2  2  3  3  3  4  3  2  4  1  3  1  2  4  3  2  4  3  4  2  3  3  4  3  3  2  4  1  0  4  1  2  1  4  2  4  
2  2  4  1  3  1  2  4  3  2  3  3  4  1  2  1  2  2  4  3  3  4  2  2  1  2  2  2  3  3  2  4  4  0  4  1  1  1  3  1  
2  1  3  1  1  1  1  4  4  4  4  2  2  2  2  4  1  2  1  2  3  3  2  1  3  4  4  4  1  1  2  3  1  4  0  2  1  4  2  1  
3  1  3  2  2  1  3  2  2  4  2  3  4  4  1  2  4  3  1  1  3  2  1  1  4  4  1  3  3  1  1  4  2  1  2  0  3  3  3  3  
1  2  1  3  4  4  4  1  3  2  3  2  3  4  3  2  4  1  4  3  1  1  2  2  2  3  1  1  2  4  1  4  1  1  1  3  0  1  1  1  
1  4  1  2  1  4  1  4  4  3  2  2  4  2  4  2  2  4  1  1  2  2  4  3  1  1  4  4  4  3  3  4  4  1  4  3  1  0  4  2  
1  4  1  1  1  2  2  2  4  3  4  4  3  4  3  1  1  3  3  3  2  3  3  3  2  1  1  1  2  1  3  4  2  3  2  3  1  4  0  3  
4  2  2  1  1  1  1  1  1  4  1  1  1  2  2  1  4  2  3  4  1  3  2  1  1  2  2  4  4  3  4  3  4  1  1  3  1  2  3  0  
