4  10  5  10  1  1  8  8  4  7  2  3  4  6  3  5  2  9  8  6  4  2  4  3  7  7  10  1  6  9  6  5  5  9  10  7  10  1  3  6  7  8  10  9  6  5  6  10  4  7  
46  19  65  33  55  55  46  75  51  69  17  79  66  11  66  39  15  16  47  53  21  99  14  30  99  5  52  10  87  48  22  66  9  90  30  79  39  96  11  7  95  24  34  66  65  55  60  69  77  9  
146  181  90  142  183  134  127  112  164  171  174  178  135  94  135  196  157  166  151  57  159  15  72  189  171  140  28  56  118  138  86  89  120  64  126  30  206  46  17  126  25  154  141  103  112  177  179  65  132  109  
184  199  181  198  199  179  143  201  189  180  192  184  152  165  186  208  183  203  198  86  190  111  87  207  195  162  185  151  152  186  129  179  146  158  136  41  208  85  18  194  97  199  169  189  203  189  192  129  200  191  
1.210526  1.055556  0.714286  0.589286  3.437500  1.222222  2.875000  0.842697  2.040000  7.666667  0.944444  13.166667  3.882353  0.154930  1.294118  3.250000  0.576923  0.432432  1.000000  1.827586  0.677419  1.031250  0.933333  1.666667  4.125000  0.227273  0.331210  0.105263  2.558824  1.000000  0.511628  0.733333  0.346154  0.957447  3.000000  7.181818  19.500000  2.461538  11.000000  0.102941  1.319444  0.533333  1.214286  0.767442  0.714286  4.583333  4.615385  1.078125  1.132353  0.109756  

0  1  2  2  4  3  1  3  3  1  3  3  1  3  1  3  1  3  1  2  3  4  1  2  3  4  2  2  2  1  4  4  3  1  3  3  4  2  1  4  1  4  4  4  1  1  3  2  3  2  
1  0  1  1  3  3  2  1  4  3  2  2  1  3  3  1  2  3  1  2  1  4  3  4  4  4  3  2  3  3  2  3  4  2  3  4  2  2  2  1  1  4  1  2  4  4  2  3  2  1  
2  1  0  4  4  1  2  1  4  4  1  2  2  1  1  4  3  3  3  3  3  1  1  4  1  1  2  1  4  2  4  3  1  2  1  1  4  3  4  1  3  3  2  1  1  1  3  3  3  2  
2  1  4  0  4  1  1  3  4  1  1  3  3  3  2  3  1  1  3  4  4  4  3  2  2  4  3  1  1  4  4  1  2  3  1  4  2  4  3  4  1  2  3  2  2  1  4  2  2  2  
4  3  4  4  0  4  4  1  2  3  3  3  3  3  4  4  1  3  4  1  1  2  3  4  3  3  3  2  3  1  4  4  4  3  4  1  4  1  3  1  3  3  4  4  1  2  4  2  2  2  
3  3  1  1  4  0  1  1  4  2  1  2  4  4  3  1  3  2  4  1  3  1  1  1  2  4  1  2  3  3  2  2  2  3  3  4  1  1  3  2  4  1  1  3  3  2  2  3  3  1  
1  2  2  1  4  1  0  1  2  2  3  2  4  3  2  2  3  1  3  3  1  4  1  1  1  3  3  1  3  4  1  4  1  2  3  2  4  4  3  2  3  4  2  1  3  4  4  2  2  1  
3  1  1  3  1  1  1  0  1  4  1  4  3  1  3  4  1  3  4  3  2  3  1  1  4  3  2  3  2  3  1  1  4  1  3  3  4  1  1  2  1  3  3  1  3  1  4  3  1  1  
3  4  4  4  2  4  2  1  0  1  4  3  2  4  4  1  4  3  4  4  3  2  3  2  1  2  4  2  3  4  1  2  3  3  4  4  4  1  4  4  4  3  2  2  3  3  1  2  2  4  
1  3  4  1  3  2  2  4  1  0  4  4  2  4  4  4  2  2  4  1  2  3  2  4  2  1  4  2  3  4  1  3  1  4  4  4  1  3  1  2  2  3  3  1  4  3  4  1  3  1  
3  2  1  1  3  1  3  1  4  4  0  4  1  2  3  3  1  1  2  1  4  2  4  2  2  2  1  1  2  2  1  1  4  2  3  1  1  4  2  1  3  4  3  2  3  4  4  4  2  2  
3  2  2  3  3  2  2  4  3  4  4  0  1  1  1  1  4  3  2  1  3  1  4  2  4  2  3  1  4  1  4  3  4  2  4  1  1  2  3  4  2  1  4  2  4  1  1  3  4  4  
1  1  2  3  3  4  4  3  2  2  1  1  0  4  3  1  2  2  2  4  4  1  2  4  2  3  4  1  3  4  4  4  4  2  4  3  4  2  4  3  3  3  3  2  2  2  3  3  3  1  
3  3  1  3  3  4  3  1  4  4  2  1  4  0  4  3  3  4  3  1  2  1  3  2  2  4  2  3  1  4  3  2  3  2  2  3  4  1  3  4  2  1  1  1  1  3  4  4  4  2  
1  3  1  2  4  3  2  3  4  4  3  1  3  4  0  2  3  3  1  2  2  3  4  1  3  3  3  1  1  3  4  1  1  1  1  3  4  1  4  2  2  3  2  1  1  2  2  3  1  2  
3  1  4  3  4  1  2  4  1  4  3  1  1  3  2  0  2  1  1  2  2  2  3  3  3  2  4  3  3  3  3  3  2  2  2  3  4  3  1  4  4  3  3  4  2  2  3  2  4  1  
1  2  3  1  1  3  3  1  4  2  1  4  2  3  3  2  0  4  4  3  2  1  4  1  3  3  2  3  3  2  3  4  1  3  1  1  1  2  4  1  2  1  2  2  2  2  4  4  3  2  
3  3  3  1  3  2  1  3  3  2  1  3  2  4  3  1  4  0  2  3  3  2  1  4  3  1  3  1  3  1  2  1  4  3  4  2  4  1  3  2  3  1  4  4  3  1  1  4  2  2  
1  1  3  3  4  4  3  4  4  4  2  2  2  3  1  1  4  2  0  2  4  1  2  4  1  4  4  4  3  4  3  3  1  3  4  4  4  2  3  3  3  3  3  4  3  3  4  4  2  2  
2  2  3  4  1  1  3  3  4  1  1  1  4  1  2  2  3  3  2  0  2  4  2  2  2  3  3  1  1  3  3  4  3  2  4  4  3  2  2  1  1  2  3  3  3  4  1  4  1  2  
3  1  3  4  1  3  1  2  3  2  4  3  4  2  2  2  2  3  4  2  0  3  4  2  4  1  2  4  4  2  4  3  1  3  1  3  3  4  1  4  1  3  1  2  2  1  4  1  2  2  
4  4  1  4  2  1  4  3  2  3  2  1  1  1  3  2  1  2  1  4  3  0  2  1  3  4  3  2  2  4  3  1  2  4  3  4  2  3  1  1  1  3  4  1  3  1  1  3  1  4  
1  3  1  3  3  1  1  1  3  2  4  4  2  3  4  3  4  1  2  2  4  2  0  4  3  2  1  1  3  2  2  4  4  3  4  1  4  1  3  1  3  2  1  4  4  3  4  1  1  1  
2  4  4  2  4  1  1  1  2  4  2  2  4  2  1  3  1  4  4  2  2  1  4  0  2  1  1  4  2  3  3  4  1  3  3  4  1  1  3  2  1  1  2  3  3  3  1  3  3  4  
3  4  1  2  3  2  1  4  1  2  2  4  2  2  3  3  3  3  1  2  4  3  3  2  0  4  2  4  1  4  4  3  3  4  2  4  2  1  2  1  4  2  2  3  3  2  1  3  2  3  
4  4  1  4  3  4  3  3  2  1  2  2  3  4  3  2  3  1  4  3  1  4  2  1  4  0  4  4  2  3  4  4  2  4  1  2  3  2  4  4  4  1  1  1  3  1  2  2  3  1  
2  3  2  3  3  1  3  2  4  4  1  3  4  2  3  4  2  3  4  3  2  3  1  1  2  4  0  3  3  4  3  3  3  4  2  3  3  3  4  4  1  4  1  3  3  3  3  3  4  1  
2  2  1  1  2  2  1  3  2  2  1  1  1  3  1  3  3  1  4  1  4  2  1  4  4  4  3  0  4  2  4  4  3  1  4  3  2  3  2  1  4  3  1  2  1  2  4  3  1  3  
2  3  4  1  3  3  3  2  3  3  2  4  3  1  1  3  3  3  3  1  4  2  3  2  1  2  3  4  0  2  2  3  2  2  1  4  3  3  3  3  4  4  4  1  2  3  1  2  3  3  
1  3  2  4  1  3  4  3  4  4  2  1  4  4  3  3  2  1  4  3  2  4  2  3  4  3  4  2  2  0  1  2  1  2  1  1  4  4  1  4  3  3  1  2  4  4  3  2  1  2  
4  2  4  4  4  2  1  1  1  1  1  4  4  3  4  3  3  2  3  3  4  3  2  3  4  4  3  4  2  1  0  4  1  2  3  1  2  2  1  1  3  2  1  3  2  4  2  2  4  1  
4  3  3  1  4  2  4  1  2  3  1  3  4  2  1  3  4  1  3  4  3  1  4  4  3  4  3  4  3  2  4  0  3  2  1  3  4  3  3  2  1  2  4  1  3  2  4  2  3  4  
3  4  1  2  4  2  1  4  3  1  4  4  4  3  1  2  1  4  1  3  1  2  4  1  3  2  3  3  2  1  1  3  0  3  3  1  3  1  3  3  3  3  1  2  2  3  1  2  2  1  
1  2  2  3  3  3  2  1  3  4  2  2  2  2  1  2  3  3  3  2  3  4  3  3  4  4  4  1  2  2  2  2  3  0  2  2  2  4  3  4  2  3  1  2  1  3  3  4  1  1  
3  3  1  1  4  3  3  3  4  4  3  4  4  2  1  2  1  4  4  4  1  3  4  3  2  1  2  4  1  1  3  1  3  2  0  4  1  3  3  3  1  4  3  3  2  2  1  3  1  1  
3  4  1  4  1  4  2  3  4  4  1  1  3  3  3  3  1  2  4  4  3  4  1  4  4  2  3  3  4  1  1  3  1  2  4  0  1  1  4  4  3  1  2  3  4  1  3  1  2  1  
4  2  4  2  4  1  4  4  4  1  1  1  4  4  4  4  1  4  4  3  3  2  4  1  2  3  3  2  3  4  2  4  3  2  1  1  0  2  2  4  3  1  4  2  1  2  4  4  2  2  
2  2  3  4  1  1  4  1  1  3  4  2  2  1  1  3  2  1  2  2  4  3  1  1  1  2  3  3  3  4  2  3  1  4  3  1  2  0  2  2  1  1  2  3  1  3  4  1  2  1  
1  2  4  3  3  3  3  1  4  1  2  3  4  3  4  1  4  3  3  2  1  1  3  3  2  4  4  2  3  1  1  3  3  3  3  4  2  2  0  3  4  2  4  3  3  4  4  4  2  3  
4  1  1  4  1  2  2  2  4  2  1  4  3  4  2  4  1  2  3  1  4  1  1  2  1  4  4  1  3  4  1  2  3  4  3  4  4  2  3  0  2  3  2  1  2  4  2  4  3  4  
1  1  3  1  3  4  3  1  4  2  3  2  3  2  2  4  2  3  3  1  1  1  3  1  4  4  1  4  4  3  3  1  3  2  1  3  3  1  4  2  0  2  4  3  1  2  3  3  2  4  
4  4  3  2  3  1  4  3  3  3  4  1  3  1  3  3  1  1  3  2  3  3  2  1  2  1  4  3  4  3  2  2  3  3  4  1  1  1  2  3  2  0  3  4  4  4  2  2  4  4  
4  1  2  3  4  1  2  3  2  3  3  4  3  1  2  3  2  4  3  3  1  4  1  2  2  1  1  1  4  1  1  4  1  1  3  2  4  2  4  2  4  3  0  4  2  2  3  3  3  3  
4  2  1  2  4  3  1  1  2  1  2  2  2  1  1  4  2  4  4  3  2  1  4  3  3  1  3  2  1  2  3  1  2  2  3  3  2  3  3  1  3  4  4  0  3  1  4  3  3  4  
1  4  1  2  1  3  3  3  3  4  3  4  2  1  1  2  2  3  3  3  2  3  4  3  3  3  3  1  2  4  2  3  2  1  2  4  1  1  3  2  1  4  2  3  0  4  1  3  4  1  
1  4  1  1  2  2  4  1  3  3  4  1  2  3  2  2  2  1  3  4  1  1  3  3  2  1  3  2  3  4  4  2  3  3  2  1  2  3  4  4  2  4  2  1  4  0  1  2  3  2  
3  2  3  4  4  2  4  4  1  4  4  1  3  4  2  3  4  1  4  1  4  1  4  1  1  2  3  4  1  3  2  4  1  3  1  3  4  4  4  2  3  2  3  4  1  1  0  3  2  2  
2  3  3  2  2  3  2  3  2  1  4  3  3  4  3  2  4  4  4  4  1  3  1  3  3  2  3  3  2  2  2  2  2  4  3  1  4  1  4  4  3  2  3  3  3  2  3  0  2  1  
3  2  3  2  2  3  2  1  2  3  2  4  3  4  1  4  3  2  2  1  2  1  1  3  2  3  4  1  3  1  4  3  2  1  1  2  2  2  2  3  2  4  3  3  4  3  2  2  0  2  
2  1  2  2  2  1  1  1  4  1  2  4  1  2  2  1  2  2  2  2  2  4  1  4  3  1  1  3  3  2  1  4  1  1  1  1  2  1  3  4  4  4  3  4  1  2  2  1  2  0  
